Dimensiones: 10x10, Tiempo: 0.00151 segundos
Dimensiones: 100x100, Tiempo: 0.00177 segundos
Dimensiones: 1000x1000, Tiempo: 1.55152 segundos
